### Island Data -> name / id / player&computer / x / y / width / height / tile xpos / tile ypos / nodes / ?? + child island
+ Alpha		0	1	2319	1739	146	85	2322	1679	1	2
+ Bravo		1	0	1835	1467	166	73	1889	1535	0	3	6	14
+ Charlie	2	0	2631	1441	150	88	2666	1504	0	3	4
+ Delta		3	0	2295	1307	146	114	2236	1354	1	2	5	6
+ Echo		4	0	2969	1247	147	111	3014	1323	2	5
+ Foxtrot	5	0	2551	1093	190	111	2590	1177	3	4	7	9	15
+ Golf		6	0	1789	1207	118	104	1807	1165	1	3	7	8
+ Hotel		7	0	2109	959	157	101	2168	1026	5	6	8	9
+ India		8	0	1711	831	162	100	1738	893	6	7	10	11	17
+ Juliet	9	0	2467	785	143	106	2500	853	5	7	10	12	16
+ Kilo		10	0	2049	633	193	112	2086	709	8	9	11	12
+ Lima		11	0	1607	491	183	126	1647	563	8	10	13
+ Mike		12	0	2389	461	155	112	2427	532	9	10	13
+ November	13	0	1919	247	172	104	1989	384	11	12
+ Oscae		14	0	1423	1319	146	85	1467	1390	1
+ Papa		15	0	2910	942	143	106	2929	998	5
+ Quebec	16	0	2805	611	155	112	2850	678	9
+ Romeo		17	0	1281	665	190	111	1301	742	8
+ 